||0001|0002|0003|0004|0005|0008|0009|0006|0007|0000|0010
销售配货|1012|||||||||||6
业务配置|1001||||||||||1|
业务审批|1023|1||||||||||
商品管理|1004||1||1|1|||||1|1
通讯录|1002|1|1|1|1|1||||||1
公告栏|1003||||1|1|||1|1|1|1
客户管理|1006|1|4|4|||||||1|
订单销售|1009|1|6|6||||||||
商品零售|1011|||6||||||||
促销管理|1010||3|3||||||||
供应商管理|1007||||5|5|||||1|
商品采购|1008|1|||5|5||||||
收款登记|1022||||||||5|5||
付款登记|1021||||||||5|5||
往来管理|1019||||||||1|1||
开票记录|1020||||||||4|4||
仓库设置|1005||||||||||1|
出库管理|1016||||||5|5||||
入库管理|1015||||||5|5||||
库存盘点|1017||||||1|1||||
库存调拨|1014||||||2|2||||
商品拆装|1013||||||3|3||||
库存查询|1018||||||1|1||||
经营管控|1024|1|6|1|3|3|||2|2||
